# res d(ab) 1;4.5-5.1 5.1-5.6 5.6-6.1 6.1-6.6 6.6-7.0 7.0-7.4 2;4.5-5.1 5.1-5.6 5.6-6.1 6.1-6.6  6.6-7.0  7.0-7.4   3;4.5-5.1 5.1-5.6 5.6-6.1 6.1-6.6 6.6-7.0 7.0-7.4 cos zeta cos eta bl_cao ba_ocaca
A 1.530    0.6971  0.6449  0.7207  0.8657  0.8755  0.8255  -0.12750 -0.15560 -0.082530 -0.103400 -0.09963 -0.03687    0.7056  0.7482  0.68840  0.4897  0.4728  0.5676 0.96574  0.93728  2.401  46.97	 0.15945  0.95181  0.03410
C 1.528    0.6452  0.6452  0.7445  0.8337  0.8771  0.8271  -0.16410 -0.16410 -0.071960 -0.029660 -0.10840 -0.05292    0.7462  0.7462  0.66370  0.5515  0.4680  0.5595 0.96538  0.93704  2.397  47.07	 0.21810  0.94334 -0.01514
D 1.533    0.6749  0.7044  0.8113  0.8872  0.8974  0.7365  -0.16160 -0.09610 -0.015790 -0.009180 -0.07950 -0.06435    0.7199  0.7033  0.58440  0.4614  0.4339  0.6733 0.96638  0.93698  2.396  47.12	 0.09837  0.93033 -0.06507
E 1.531    0.6119  0.6460  0.7308  0.8769  0.8893  0.8381  -0.21380 -0.18820 -0.099390 -0.085360 -0.09156 -0.07577    0.7615  0.7398  0.67530  0.4730  0.4480  0.5402 0.96547  0.93588  2.396  47.22	 0.18425  0.94512  0.09223
F 1.534    0.6617  0.6617  0.7826  0.9175  0.9041  0.8593  -0.15870 -0.15870 -0.048090 -0.027420 -0.10040 -0.07982    0.7327  0.7327  0.62070  0.3968  0.4154  0.5051 0.96597  0.93086  2.399  47.89	 0.14770  0.96113  0.06610
G 1.070    0.3757  0.5160  0.5273  0.5169  0.6122  0.5606   0.41640  0.15530  0.171800 -0.093510 -0.07438 -0.01542    0.8279  0.8422  0.83210 0.8509  0.7872  0.8280 0.96502  0.93458  2.401  47.38	-0.33400 0.16629 0.18872
H 1.542    0.7121  0.7121  0.7612  0.8475  0.8739  0.8261  -0.09347 -0.09347 -0.058360 -0.081400 -0.04959 -0.07366    0.6958  0.6958  0.64580  0.5246  0.4835  0.5586 0.96474  0.93655  2.398  47.09	 0.12979  0.95662  0.04982
I 1.554    0.6653  0.6653  0.7822  0.9158  0.9237  0.8805  -0.17840 -0.17840 -0.078820 -0.038130 -0.04544 -0.03661    0.7250  0.7250  0.61810  0.3998  0.3803  0.4727 0.96570  0.93569  2.400  46.78	 0.20014  0.87257  0.12269
K 1.528    0.6489  0.6489  0.7417  0.8756  0.8854  0.8482  -0.17170 -0.17170 -0.079020 -0.085110 -0.08652 -0.11170    0.7412  0.7412  0.66600  0.4756  0.4566  0.5179 0.96669  0.93686  2.400  46.96	 0.16613  0.95628  0.07942
L 1.536    0.6660  0.6573  0.7878  0.8931  0.8816  0.8602   0.08749 -0.14080 -0.046610 -0.049220 -0.08487 -0.05791    0.7408  0.7404  0.61420  0.4472  0.4643  0.5066 0.96597  0.93673  2.395  47.22	 0.12660  0.90349  0.12351
M 1.528    0.6901  0.6901  0.7643  0.9168  0.8829  0.8437  -0.14620 -0.14620 -0.052220 -0.045660 -0.10080 -0.05434    0.7087  0.7087  0.64270  0.3966  0.4586  0.5340 0.96606  0.93581  2.399  47.12	 0.12354  0.91738  0.18550
N 1.534    0.6944  0.6944  0.8009  0.8859  0.8800  0.8247   0.03277  0.03277  0.038130 -0.007092 -0.06561 -0.07913    0.7188  0.7188  0.59760  0.4638  0.4704  0.5600 0.96642  0.93734  2.395  47.20	 0.22847  0.93813 -0.06389
P 1.527    0.5695  0.6266  0.7396  0.8376  0.8279  0.5471  -0.10880 -0.08485 -0.012030 -0.055560 -0.11420 -0.28590    0.8148  0.7747  0.67290  0.5435  0.5491  0.7867 0.96534  0.93258  2.406  47.45	-0.01184  0.96698  0.15696
Q 1.529    0.6056  0.6625  0.7377  0.8826  0.8952  0.8543  -0.15820 -0.15190 -0.063380 -0.078390 -0.10100 -0.07040    0.7799  0.7335  0.67210  0.4636  0.4341  0.5150 0.96642  0.93575  2.398  47.27	 0.26966  0.93334  0.02162
R 1.532    0.6541  0.6810  0.7404  0.8952  0.8878  0.8209  -0.22210 -0.15140 -0.064340 -0.078400 -0.09276 -0.07128    0.7230  0.7164  0.66910  0.4387  0.4509  0.5667 0.96506  0.93661  2.396  47.12	 0.27392  0.93512  0.10518
S 1.530    0.6776  0.6829  0.7623  0.8512  0.8694  0.8205  -0.10960 -0.11780 -0.037860 -0.098480 -0.09478 -0.06116    0.7272  0.7210  0.64610  0.5156  0.4849  0.5684 0.96588  0.93667  2.396  47.15	 0.22240  0.93374 -0.02720
T 1.560    0.6570  0.6942  0.7684  0.8893  0.8974  0.8382  -0.14230 -0.11210 -0.039110 -0.088010 -0.09638 -0.09259    0.7403  0.7110  0.63880  0.4488  0.4306  0.5375 0.96534  0.93740  2.397  47.11	 0.30364  0.93053  0.05829
V 1.540    0.6800  0.6800  0.8093  0.9112  0.9159  0.8713  -0.15730 -0.15730 -0.037600 -0.052480 -0.03961 -0.07040    0.7162  0.7162  0.58610  0.4086  0.3994  0.4856 0.96570  0.93606  2.401  47.21	 0.19423  0.88725  0.09113
W 1.534    0.7030  0.7030  0.7703  0.8776  0.9028  0.8594  -0.12220 -0.12220 -0.006324 -0.075550 -0.10820 -0.06459    0.7006  0.7006  0.63770  0.4734  0.4162  0.5073 0.96538  0.93704  2.403  46.91	 0.20324  0.93837  0.00697
Y 1.541    0.6738  0.6738  0.7864  0.8790  0.9010  0.8602  -0.09011 -0.09011 -0.045260 -0.038480 -0.06856 -0.09126    0.7334  0.7334  0.61600  0.4753  0.4285  0.5017 0.96588  0.93302  2.397  47.64	 0.18528  0.95958  0.07811
PC 1.536    0.9128  0.9241  0.8906  0.8906  0.8906  0.8906  -0.37250  -0.37910 -0.454500 -0.454500  -0.454500  -0.454500    0.1675  0.0479  -0.01835  -0.01835  -0.01835  -0.01835 0.50045 0.93849  2.405  46.52 0 0 0
CX 1.530    0.6817  0.6817  0.7679  0.8665  0.8861  0.7897  -0.12750  -0.12750 -0.092610 -0.096570 -0.10040 -0.07276    0.7205  0.7205  0.63390  0.4898  0.4524  0.6091 0.96451  0.93630  2.397  47.31 0 0 0
# PC (cis-PRO) and CX (CYS-SYC)  not used for now
# PC data filled in for last 3 distance bins to prevent atom crashes
